.Random.seed <-
c(403L, 11L, -40354063L, -1902387680L, -2131859266L, -1445532471L, 
-430061957L, 793232458L, -685241172L, 596663215L, -1745019035L, 
-28265188L, -2033574542L, -817146387L, 894794279L, -558556594L, 
-668508504L, -921602901L, -1682344503L, 797719000L, -1633144698L, 
-1067172511L, 928927987L, -894492830L, -247653932L, 1514400983L, 
920956621L, -616528284L, -1139178422L, -1286860363L, -691397361L, 
675387926L, 1675031744L, -1568320893L, 1537998497L, 1628991632L, 
-1457546386L, -1946794727L, -322701909L, 2076283802L, 97160028L, 
1899711071L, 455488053L, 702077388L, -1307692766L, -194202755L, 
-2031824777L, -258959970L, 1203104856L, 844224955L, 722706265L, 
234364136L, 444908822L, 1378571921L, 1657609027L, -1199290798L, 
347171044L, 957741863L, 181161853L, -667344268L, 1648671834L, 
688145573L, -1113121089L, 993559878L, 1919355856L, 129140211L, 
1441722641L, 1717132608L, 1033674014L, 492046825L, 797289243L, 
-602327766L, -1779962292L, -2005517809L, -1378951867L, 570097404L, 
-1453992622L, 342137549L, 1899688583L, -1909336722L, 1349914440L, 
1441823563L, -281648471L, 291424248L, 1970644774L, 26597441L, 
231160275L, -469429374L, -725624908L, -1852747977L, 324159021L, 
562247492L, 56018026L, 2128289493L, -1322395537L, -1347872394L, 
1016914592L, 1666944867L, -1355938815L, -758665360L, -565057778L, 
-1969438343L, -325528309L, -1059566022L, -1118345924L, -901764481L, 
-873483819L, -834318356L, -574951102L, 2128555677L, -1502254313L, 
463690366L, 649103928L, -1664987877L, -1146406279L, -2062354744L, 
-392163594L, -514275535L, -2048843933L, -640944846L, -1639266684L, 
689296071L, 660795805L, -912509676L, -1273766982L, 841002501L, 
192925663L, -1846057370L, 772903408L, -2117222637L, -391216975L, 
-3390624L, -1168748290L, 484696201L, -1752911941L, -1150805622L, 
-459282324L, 1151977967L, -523828699L, 1155585756L, 2120797362L, 
-629243987L, -699374745L, 810131598L, -1790411416L, 1624202603L, 
1394650889L, 1282474392L, 2143963334L, 874715681L, 676111027L, 
1352314914L, -914200044L, 27504279L, -602914675L, 1584543140L, 
-476317814L, 1409266677L, -1582253489L, -505758378L, 1851111424L, 
-664475325L, -215669535L, -8405424L, 310420142L, -630233511L, 
-647352725L, -1846639654L, 1378555036L, 1260912287L, 24859893L, 
1469977996L, 2007994466L, 1741684797L, 1215888055L, 134078814L, 
-1906718568L, 1289065467L, 524542361L, 1141531176L, 1348735702L, 
712562513L, 1191516675L, 1181552018L, -367748316L, 1618148839L, 
1839225405L, -1138445132L, -814058726L, -1361979291L, -429027073L, 
-125443706L, 270358288L, -392350797L, -690032559L, -148995072L, 
720766174L, 2034104105L, 672156379L, -75177494L, -1922627188L, 
-1053806897L, -1965550971L, 805366076L, 493573138L, -2007581939L, 
-369776569L, -1172010450L, 1095283592L, 674225803L, -1522724759L, 
-1702101960L, 1825475814L, -2124254079L, 1591157779L, 463680450L, 
2139729012L, -1631100297L, -202294419L, 861420548L, -1696532694L, 
-1885600619L, 2040476463L, 5923382L, -2079558048L, -45914973L, 
-807637055L, -519165008L, 78712526L, -277523678L, 1930741256L, 
-843041012L, 946796444L, -1075568622L, -961109120L, -398794988L, 
-1340929752L, -114941894L, 1081120720L, -97424788L, 1204489268L, 
304813202L, 1026522464L, -329715380L, 1712040416L, -1302347870L, 
-1509552216L, -1096518516L, 339506108L, 1939495026L, 1582167024L, 
-1768669116L, -151890856L, 67932218L, 208388208L, -1590037956L, 
87849748L, -1751646526L, -238747936L, 1515484284L, 1430995152L, 
913716130L, -1290169816L, -1961745140L, 619748284L, -546912974L, 
-1919841088L, 532241972L, -835463480L, 1200461498L, -510828400L, 
-1737360660L, 2082056788L, -874656110L, 900496160L, 447343564L, 
-399377184L, 885549762L, -1329127384L, 71076780L, -1888249156L, 
1702086130L, 575972912L, 1975431076L, -1373796936L, 93503322L, 
1349441680L, 1745505148L, -1964891372L, -1811513022L, -1984314624L, 
1744752572L, -1052904624L, 2124690722L, -2074517944L, 1466820620L, 
-1627254692L, 223820242L, 600652288L, -1046658732L, 1095034088L, 
-1990886150L, -513509680L, -1099518676L, -1066415884L, 1890719122L, 
38500704L, 1155479564L, -697598240L, -1832527262L, -1123139928L, 
1233851980L, -520283268L, 851899698L, 632610416L, -508699836L, 
1066759128L, 1460240250L, -1597582800L, 2074348476L, -1727536556L, 
-714232766L, 923924640L, 1674248892L, -1786192432L, -1892788382L, 
1009701608L, -623614772L, 969485820L, -1437148686L, 796063360L, 
-1077672460L, 2147365512L, -1223129286L, 33414992L, -1599566740L, 
-1300230764L, -1156797358L, -1841038880L, 10728652L, 1933914272L, 
-263116414L, 39516392L, -1439997204L, 1919718716L, -1460024206L, 
1919591536L, -1974014940L, -2092621768L, 1011608346L, 543071440L, 
-1708401860L, -263379052L, 104443778L, 1550005696L, 1924743740L, 
24902032L, -1369114078L, 1412721928L, -1692157300L, -1221732580L, 
-1834536814L, 1772364160L, -1800011244L, -1051614424L, -489855430L, 
-1871783472L, 303043948L, 1522693044L, -699933678L, -1368174112L, 
-2029100084L, -375443232L, 614180898L, -231383768L, 1925199372L, 
-712350916L, 851661810L, -1940422928L, -1390917052L, -604705192L, 
-553331910L, -775220752L, -422478148L, -2077582060L, -418390334L, 
2067374176L, 1731012476L, 339827664L, -212853470L, 770057896L, 
1491995532L, 1630665916L, -801806542L, 696676928L, 1283545268L, 
-1840625080L, 2002419130L, -27217392L, 2083331820L, -1718620844L, 
1175860498L, -535168608L, -1636557108L, -885537184L, 172061634L, 
-606469336L, 1078197164L, -751087812L, 1391869298L, -1957826768L, 
-1461488348L, -1662657736L, 2093612762L, 1458815888L, -533980420L, 
44045204L, -556134334L, 481681664L, 1202590780L, 699893072L, 
-988651358L, 1628003656L, 1961736972L, -1526922532L, 756891986L, 
572350592L, -1998091180L, 1823980520L, -882928390L, -925728944L, 
1261489964L, 941981044L, -629186670L, 1872723040L, 1308546444L, 
-1503229088L, -123623966L, 583213992L, 960569548L, 597572604L, 
1830375858L, -280633872L, 2116566980L, 1365041496L, -1299876486L, 
-1973403728L, -379103812L, 534799444L, 681936834L, -1521666016L, 
-347551556L, 852612688L, -1572802590L, 1089599592L, 1436033100L, 
900021223L, 481043377L, 1421598198L, 712400916L, 839364389L, 
-1270884305L, 1581023720L, -281217338L, 1232312179L, 537440213L, 
1880868786L, 755024256L, -411403927L, 209325531L, 1032815916L, 
1525051194L, 252461551L, -1465133959L, 379545358L, 2101306076L, 
-1172037299L, 718109879L, 773629504L, -638032098L, -1106264597L, 
1212072301L, 839655386L, 1797613976L, 1276098561L, -780797517L, 
-1322659628L, 990492130L, -2009243529L, -168344127L, 339226438L, 
53353092L, 1016800309L, -253590497L, -1816034440L, -1072141738L, 
-1866647837L, -305139547L, 1135370562L, 2135140144L, 503034713L, 
542423243L, -38565572L, -740309654L, -33894497L, -1210418647L, 
-1759501122L, -1191445076L, -251845891L, 1401867847L, -2028163792L, 
-1156080050L, -454824325L, 1551678941L, -1909457910L, -1560404696L, 
1091359633L, -1401952893L, -335412604L, -1758928718L, -1284907001L, 
-1973175215L, -891417642L, -12823884L, -361311547L, 1599935503L, 
659510408L, 1614689702L, 1293245779L, -762153291L, 1024879634L, 
-450695712L, -2029645751L, 890885755L, -220061876L, -933856550L, 
528498383L, -22622567L, -1574407506L, -1050636356L, -1414293459L, 
58263511L, 1479454240L, 1361457022L, -738569909L, -927452339L, 
-500805254L, -29514824L, 1821301089L, 751183123L, -451793612L, 
-1430038718L, 104826711L, 856151713L, 2122708838L, 862646628L, 
1197290645L, 1600003519L, 1642406232L, 1387728758L, 1473953155L, 
1533237189L, 1607978210L, -1492051632L, 1442547833L, -177419349L, 
-1592848100L, 918754890L, 1242075711L, 1921410697L, 3478174L, 
599920460L, 283649821L, 1422673575L, 480366032L, -663431826L, 
-1601206245L, 2147019133L, 47214442L, -1693304312L, -1300840783L, 
1541478691L, -405173724L, 2011799762L, 1301780775L, 1299272561L, 
2100502966L, -1688823468L, 1683019749L, 389112303L, 2139588904L, 
-627924602L, 524037555L, -651759339L, -1970863246L, 366194624L, 
448528425L, -1289151333L, 2059180396L, -1058369158L, -1282268497L, 
-1284425287L, -1967627314L, -38986980L, -887147891L, -421070089L, 
